0.804692199442411
                precision    recall  f1-score   support

        B-DATE      0.862     0.855     0.859       249
        I-DATE      0.917     0.953     0.935       618
       B-EMAIL      1.000     1.000     1.000         5
       I-EMAIL      1.000     1.000     1.000        32
         B-LEN      1.000     0.857     0.923        14
         I-LEN      1.000     0.875     0.933        32
    B-LOCATION      0.847     0.684     0.757       690
    I-LOCATION      0.798     0.658     0.721       808
       B-MONEY      0.970     0.883     0.925       111
       I-MONEY      0.961     0.910     0.935       301
B-ORGANIZATION      0.884     0.667     0.760       887
I-ORGANIZATION      0.733     0.659     0.694       960
     B-PERCENT      1.000     0.941     0.970        34
     I-PERCENT      0.707     0.930     0.803        57
      B-PERSON      0.844     0.808     0.826       261
      I-PERSON      0.830     0.883     0.856      1238
       B-PHONE      0.875     0.875     0.875        24
       I-PHONE      1.000     0.916     0.956        83
        B-TIME      0.857     0.610     0.713        59
        I-TIME      0.856     0.697     0.769       119
         B-URL      1.000     0.900     0.947        10
         I-URL      1.000     0.763     0.865       118
         B-ZIP      0.889     0.615     0.727        13

   avg / total      0.847     0.772     0.805      6723
