0.8006807487955068
                precision    recall  f1-score   support

        B-DATE      0.862     0.855     0.859       249
        I-DATE      0.915     0.953     0.933       618
       B-EMAIL      1.000     0.800     0.889         5
       I-EMAIL      1.000     0.875     0.933        32
         B-LEN      1.000     0.857     0.923        14
         I-LEN      1.000     0.875     0.933        32
    B-LOCATION      0.849     0.686     0.759       690
    I-LOCATION      0.805     0.658     0.724       808
       B-MONEY      0.960     0.856     0.905       111
       I-MONEY      0.961     0.890     0.924       301
B-ORGANIZATION      0.888     0.663     0.759       887
I-ORGANIZATION      0.726     0.658     0.690       960
     B-PERCENT      1.000     0.941     0.970        34
     I-PERCENT      0.707     0.930     0.803        57
      B-PERSON      0.829     0.801     0.815       261
      I-PERSON      0.811     0.884     0.846      1238
       B-PHONE      0.913     0.875     0.894        24
       I-PHONE      1.000     0.916     0.956        83
        B-TIME      0.837     0.610     0.706        59
        I-TIME      0.822     0.697     0.755       119
         B-URL      1.000     0.900     0.947        10
         I-URL      1.000     0.763     0.865       118
         B-ZIP      0.889     0.615     0.727        13

   avg / total      0.843     0.769     0.801      6723
