0.803582268368918
                precision    recall  f1-score   support

        B-DATE      0.859     0.855     0.857       249
        I-DATE      0.916     0.953     0.934       618
       B-EMAIL      1.000     1.000     1.000         5
       I-EMAIL      1.000     1.000     1.000        32
         B-LEN      1.000     0.857     0.923        14
         I-LEN      1.000     0.875     0.933        32
    B-LOCATION      0.851     0.680     0.756       690
    I-LOCATION      0.805     0.652     0.720       808
       B-MONEY      0.970     0.883     0.925       111
       I-MONEY      0.961     0.910     0.935       301
B-ORGANIZATION      0.886     0.669     0.762       887
I-ORGANIZATION      0.717     0.658     0.687       960
     B-PERCENT      1.000     0.941     0.970        34
     I-PERCENT      0.707     0.930     0.803        57
      B-PERSON      0.844     0.808     0.826       261
      I-PERSON      0.823     0.891     0.856      1238
       B-PHONE      0.913     0.875     0.894        24
       I-PHONE      1.000     0.916     0.956        83
        B-TIME      0.857     0.610     0.713        59
        I-TIME      0.856     0.697     0.769       119
         B-URL      1.000     0.900     0.947        10
         I-URL      1.000     0.763     0.865       118
         B-ZIP      0.889     0.615     0.727        13

   avg / total      0.845     0.773     0.804      6723
