0.822409095983335
                precision    recall  f1-score   support

        B-DATE      0.873     0.840     0.857       238
        I-DATE      0.931     0.944     0.937       539
       B-EMAIL      1.000     1.000     1.000         2
       I-EMAIL      1.000     1.000     1.000        10
         B-LEN      1.000     0.889     0.941        18
         I-LEN      1.000     0.878     0.935        41
    B-LOCATION      0.838     0.710     0.769       686
    I-LOCATION      0.778     0.721     0.748       742
       B-MONEY      0.957     0.925     0.941       120
       I-MONEY      0.968     0.944     0.956       322
B-ORGANIZATION      0.914     0.691     0.787       965
I-ORGANIZATION      0.787     0.709     0.746      1086
     B-PERCENT      1.000     0.949     0.974        39
     I-PERCENT      0.732     0.938     0.822        64
      B-PERSON      0.855     0.822     0.838       258
      I-PERSON      0.864     0.896     0.880      1215
       B-PHONE      0.667     0.500     0.571         4
       I-PHONE      1.000     0.667     0.800        12
        B-TIME      0.922     0.540     0.681        87
        I-TIME      0.897     0.756     0.821       127
         B-URL      1.000     1.000     1.000         8
         I-URL      1.000     0.780     0.876       100
         B-ZIP      1.000     1.000     1.000         1

   avg / total      0.863     0.791     0.822      6684

