0.8116387918948155
                precision    recall  f1-score   support

        B-DATE      0.873     0.845     0.859       252
        I-DATE      0.939     0.950     0.945       621
       B-EMAIL      1.000     1.000     1.000         2
       I-EMAIL      1.000     1.000     1.000        10
         B-LEN      1.000     0.812     0.897        16
         I-LEN      1.000     0.811     0.896        37
    B-LOCATION      0.842     0.693     0.760       700
    I-LOCATION      0.781     0.692     0.734       790
       B-MONEY      0.954     0.897     0.924       116
       I-MONEY      0.956     0.918     0.937       306
B-ORGANIZATION      0.895     0.699     0.785       934
I-ORGANIZATION      0.743     0.690     0.716      1016
     B-PERCENT      0.971     0.944     0.958        36
     I-PERCENT      0.705     0.932     0.803        59
      B-PERSON      0.861     0.802     0.831       263
      I-PERSON      0.844     0.879     0.861      1229
       B-PHONE      0.833     0.714     0.769         7
       I-PHONE      1.000     0.800     0.889        20
        B-TIME      0.848     0.683     0.757        82
        I-TIME      0.815     0.641     0.718       117
         B-URL      1.000     1.000     1.000         9
         I-URL      1.000     0.804     0.891       112
         B-ZIP      0.667     1.000     0.800         2

   avg / total      0.850     0.781     0.812      6736
