0.8233716487567001
                precision    recall  f1-score   support

        B-DATE      0.869     0.836     0.852       238
        I-DATE      0.928     0.937     0.933       539
       B-EMAIL      1.000     1.000     1.000         2
       I-EMAIL      1.000     1.000     1.000        10
         B-LEN      1.000     0.889     0.941        18
         I-LEN      1.000     0.878     0.935        41
    B-LOCATION      0.839     0.717     0.773       689
    I-LOCATION      0.779     0.728     0.753       747
       B-MONEY      0.957     0.925     0.941       120
       I-MONEY      0.968     0.944     0.956       322
B-ORGANIZATION      0.911     0.690     0.786       966
I-ORGANIZATION      0.798     0.705     0.749      1089
     B-PERCENT      1.000     0.949     0.974        39
     I-PERCENT      0.732     0.938     0.822        64
      B-PERSON      0.861     0.814     0.837       258
      I-PERSON      0.879     0.888     0.883      1215
       B-PHONE      0.667     0.500     0.571         4
       I-PHONE      1.000     0.667     0.800        12
        B-TIME      0.906     0.545     0.681        88
        I-TIME      0.881     0.756     0.814       127
         B-URL      1.000     1.000     1.000         8
         I-URL      1.000     0.780     0.876       100
         B-ZIP      1.000     1.000     1.000         1

   avg / total      0.867     0.789     0.823      6697
