0.8223336308765686
                precision    recall  f1-score   support

        B-DATE      0.873     0.836     0.854       238
        I-DATE      0.930     0.937     0.933       539
       B-EMAIL      1.000     1.000     1.000         2
       I-EMAIL      1.000     1.000     1.000        10
         B-LEN      1.000     0.889     0.941        18
         I-LEN      1.000     0.878     0.935        41
    B-LOCATION      0.837     0.714     0.771       689
    I-LOCATION      0.776     0.724     0.749       747
       B-MONEY      0.965     0.917     0.940       120
       I-MONEY      0.968     0.938     0.953       322
B-ORGANIZATION      0.911     0.688     0.784       966
I-ORGANIZATION      0.804     0.702     0.750      1089
     B-PERCENT      1.000     0.949     0.974        39
     I-PERCENT      0.732     0.938     0.822        64
      B-PERSON      0.864     0.810     0.836       258
      I-PERSON      0.881     0.883     0.882      1215
       B-PHONE      0.667     0.500     0.571         4
       I-PHONE      1.000     0.667     0.800        12
        B-TIME      0.906     0.545     0.681        88
        I-TIME      0.881     0.756     0.814       127
         B-URL      1.000     1.000     1.000         8
         I-URL      1.000     0.780     0.876       100
         B-ZIP      0.500     1.000     0.667         1

   avg / total      0.868     0.786     0.822      6697

