0.8538345824052626
                precision    recall  f1-score   support

        B-DATE      0.949     0.846     0.895       286
        I-DATE      0.929     0.934     0.931       587
       B-EMAIL      1.000     1.000     1.000         1
       I-EMAIL      1.000     1.000     1.000         6
         B-LEN      0.889     0.842     0.865        19
         I-LEN      0.889     0.842     0.865        38
    B-LOCATION      0.874     0.768     0.818       753
    I-LOCATION      0.850     0.741     0.792       787
       B-MONEY      0.971     0.985     0.978        68
       I-MONEY      0.981     0.987     0.984       155
B-ORGANIZATION      0.889     0.772     0.827       719
I-ORGANIZATION      0.764     0.680     0.719       896
     B-PERCENT      1.000     1.000     1.000        18
     I-PERCENT      0.569     1.000     0.725        29
      B-PERSON      0.900     0.844     0.871       405
      I-PERSON      0.868     0.919     0.893      1494
       B-PHONE      0.952     0.625     0.755        32
       I-PHONE      1.000     0.928     0.962        69
        B-TIME      0.912     0.795     0.849       156
        I-TIME      0.942     0.902     0.922       306
         B-URL      1.000     1.000     1.000        18
         I-URL      1.000     0.933     0.966       330
         B-ZIP      1.000     1.000     1.000         5

   avg / total      0.881     0.831     0.854      7177
