0.8577863697638967
                precision    recall  f1-score   support

        B-DATE      0.926     0.862     0.893       246
        I-DATE      0.935     0.972     0.953       532
       B-EMAIL      1.000     1.000     1.000         3
       I-EMAIL      1.000     1.000     1.000        18
         B-LEN      0.938     0.789     0.857        19
         I-LEN      0.970     0.800     0.877        40
    B-LOCATION      0.857     0.772     0.812       658
    I-LOCATION      0.791     0.741     0.765       675
       B-MONEY      0.972     0.908     0.939        76
       I-MONEY      0.962     0.962     0.962       186
B-ORGANIZATION      0.917     0.756     0.828       741
I-ORGANIZATION      0.878     0.696     0.776       933
     B-PERCENT      0.938     0.857     0.896        35
     I-PERCENT      0.690     0.875     0.772        56
      B-PERSON      0.950     0.806     0.872       448
      I-PERSON      0.924     0.886     0.905      1574
       B-PHONE      0.944     0.773     0.850        22
       I-PHONE      1.000     0.819     0.901        83
        B-TIME      0.889     0.732     0.803       142
        I-TIME      0.921     0.851     0.885       275
         B-URL      1.000     1.000     1.000        14
         I-URL      1.000     0.898     0.946       225
         B-ZIP      0.500     1.000     0.667         1

   avg / total      0.904     0.819     0.858      7002
