4564
0.8767426804917315
                precision    recall  f1-score   support

        B-DATE      0.904     0.837     0.869       246
        I-DATE      0.920     0.927     0.924       524
       B-EMAIL      1.000     1.000     1.000         1
       I-EMAIL      1.000     1.000     1.000         4
         B-LEN      0.944     0.708     0.810        24
         I-LEN      0.950     0.745     0.835        51
    B-LOCATION      0.870     0.796     0.831       783
    I-LOCATION      0.799     0.768     0.783       781
       B-MONEY      0.950     0.905     0.927        63
       I-MONEY      0.981     0.927     0.953       164
B-ORGANIZATION      0.910     0.826     0.866       723
I-ORGANIZATION      0.813     0.770     0.791       829
     B-PERCENT      1.000     0.955     0.977        22
     I-PERCENT      1.000     0.941     0.970        34
      B-PERSON      0.952     0.886     0.918       422
      I-PERSON      0.950     0.941     0.946      1503
       B-PHONE      1.000     0.800     0.889        25
       I-PHONE      1.000     1.000     1.000        58
        B-TIME      0.895     0.778     0.832       153
        I-TIME      0.909     0.897     0.903       302
         B-URL      0.875     1.000     0.933        14
         I-URL      0.912     1.000     0.954       227
         B-ZIP      1.000     0.667     0.800         6

   avg / total      0.897     0.858     0.877      6959
